noi_id	lc_flag	tag	cat_prod_id	obj_id	ra_deg	dec_deg	epoch_sec	period_sec	width_sec
101063	AD	CYCLE1706	5040663	001378	81.6628618676963	-29.6063770329582	83366650	1529665.99528293	13998
101086	AD	CYCLE1706	5040666	020001	82.7142738677714	-36.631031933925	82164545	228717.514691395	6048.07
101123	AD	CYCLE1706	5040672	044284	91.8722393182487	-25.5948925277411	54389553	66259.3836568543	3964.5
101124	AD	CYCLE1706	5040672	066791	91.7831190099584	-26.5430235298292	54377184	91282.8247614453	6427.68
101128	AD	CYCLE1706	5046284	007660	94.7516558270293	-35.628394314713	83683402	709040.623764927	9786.57
101129	AD	CYCLE1706	5046284	008997	94.4445705219456	-35.7063267731428	83088204	144750.672354189	7135.37
101195	AD	CYCLE1706	5041758	004518	206.02660476583	-32.5229600161075	72635555	291240.306135603	16312.2
101204	AD	CYCLE1706	5041758	048805	205.141507872045	-34.7059806823973	72659292	533011.730771957	6546.64
101214	AD	CYCLE1706	5040711	026167	210.193539253915	-30.5837088012953	95084383	342170.742269111	21699.3
101255	AD	CYCLE1706	5040712	033431	215.482004464094	-30.8427915368923	94968972	243574.07670696	10176.2
101255	AD	NGTS2B	5040712	033431	215.482004464094	-30.8427915368923	NULL	NULL	NULL
101256	AD	CYCLE1706	5040712	043256	215.122818476021	-31.2018545815598	95101813	389265.397928582	14023.3
101256	AD	NGTS2B	5040712	043256	215.122818476021	-31.2018545815598	95491312	778518.602982124	12748.3
101257	AD	CYCLE1706	5040712	044433	212.731063813601	-31.2399704522231	94912276	145423.742657011	7885.59
101257	AD	NGTS2B	5040712	044433	212.731063813601	-31.2399704522231	NULL	NULL	NULL
101292	AD	CYCLE1706	5040714	027917	216.138453945224	-30.7776964190075	94923401	232874.435497984	7929.53
101302	AD	CYCLE1706	5040714	051448	217.683333452454	-31.7324202611918	94895313	390555.240837189	10498
101309	AD	CYCLE1706	5040715	035491	220.100810607288	-30.8690638595347	95072304	386778.303638211	6545.59
101340	AD	CYCLE1706	5040668	007050	87.624913503633	-32.7777841287569	82054591	282531.943417446	6511.81
101416	AD	CYCLE1706	5040689	013876	221.058252864762	5.60551789569607	64466963	290067.89296673	6560.42
101416	AD	PLOTTEST	5040689	013876	221.058252864762	5.60551789569607	64466963	290067.89296673	6560.42
101442	AD	CYCLE1706	5040718	075259	231.184500082926	-26.361195356387	97462573	580849.047655875	11582.6
101517	AD	CYCLE1706	5041762	028093	305.095698299305	-19.3147094632855	73025038	439336.506092581	18605
101526	AD	CYCLE1706	5040690	053901	307.90266016137	-26.491394129893	72781891	1044639.83936726	9797.75
101536	AD	CYCLE1706	5040695	011055	313.818259680762	-1.98868342826961	73529755	1096308.63565885	15287
101538	AD	CYCLE1706	5040695	012833	314.374701532064	-2.08150826041103	72752862	287077.790666554	8723.42
101541	AD	CYCLE1706	5040695	024366	315.455456024814	-2.66308627507633	73539818	1653251.95088373	11865.2
101553	AD	CYCLE1706	5040699	001533	322.758922662795	4.10556310395802	73078735	436628.177619883	7174.95
101568	AD	CYCLE1706	5040699	039184	322.822088252239	1.44132348740731	73123439	649345.27517859	13018.3
101571	AD	CYCLE1706	5040701	010733	324.371011231458	9.10728288551485	73117856	723769.141380486	13047.5
101596	AD	CYCLE1706	5040702	006368	326.486512062708	-38.4597945936284	73825814	1136525.36433335	10779.6
101598	AD	CYCLE1706	5040702	009174	326.516783461109	-38.6837018549998	73826625	1136118.29605848	8692.23
101631	AD	CYCLE1706	5042520	015594	58.4289761982791	-34.3282814665794	58173089	255964.473916602	7556.98
101632	AD	CYCLE1706	5040663	018554	80.5382507302862	-30.9708473385463	82187731	379215.893650012	9597.48
101635	AD	TEST16A	5008375	017793	328.97575018806	-14.0682911100832	NULL	NULL	NULL
101635	AD	TEST18	5008375	017793	328.97575018806	-14.0682911100832	72794590	143962.829334236	7231.02
101724	AD	CYCLE1706	5040667	015690	84.8905360618776	-30.5771313291246	82253208	290157.179193615	7218.54
101788	AD	TEST18	5018484	031247	81.8183731446816	-37.3553012564828	82923112	673811.260208023	11557.1
101822	AD	TEST18	5018486	045062	87.0431752784796	-35.050349342451	82133711	327840.306032498	7211.61
101884	AD	CYCLE1706	5042520	016425	56.8020183077929	-34.4586868533079	58608755	844323.749030378	22522.5
101981	AD	TEST16A	5008504	027350	205.961138615677	-12.3599028523416	72507647	81433.6054731957	9615.81
101981	AD	TEST18	5008504	027350	205.961138615677	-12.3599028523416	72758880	406774.940338326	20990.3
102018	AD	TEST16	5006384	024530	214.496490889741	-0.614938412780059	63621788	170851.712495026	6562.58
102018	AD	TEST16A	5006384	024530	214.496490889741	-0.614938412780059	63536919	128692.014307084	7137.2
102018	AD	TEST18	5006384	024530	214.496490889741	-0.614938412780059	63706781	292502.836915483	7929.98
102040	AD	CYCLE1706	5040662	029862	79.2129891256287	-26.0480687489823	54682616	620646.505752075	13997.9
102056	AD	TEST18	5018495	033506	305.702204549846	-19.5301831795063	72985083	378796.936766167	7202.67
102056	AD	TEST18F	5018495	033506	305.702204549846	-19.5301831795063	72985083	378796.936766167	7202.67
102322	AD	CYCLE1706	5040712	044742	214.938485330701	-31.2709931714333	94814977	78078.1348457955	6921.49
102322	AD	NGTS2B	5040712	044742	214.938485330701	-31.2709931714333	NULL	NULL	NULL
102368	AD	CYCLE1706	5040688	015979	218.475662716932	-24.6529513845884	63550605	106810.876405186	5809.04
102381	AD	CYCLE1706	5040697	014387	322.514210645212	-16.4836711843961	73516861	1557883.56717959	27294.3
102623	AD	CYCLE1706	5040718	014870	229.437419655507	-24.4293805100337	97216444	362297.997479898	6197.42
102703	AD	CYCLE1706	5040670	008751	91.8852713191851	-32.8162483390678	82868648	912030.57468826	10517
102780	AD	CYCLE1706	5040701	010446	324.547120829018	9.12669769823061	72878092	274971.994669761	6523.82
103002	AD	CYCLE1706	5041762	051986	306.217461247831	-20.2385728032525	72999009	379136.246913296	10554.4
103302	AD	CYCLE1802	5068192	008144	142.566852734378	-18.8426716746514	87837820	516647.719779939	36302.8
103302	AD	CYCLE1802_DC	5068192	008144	142.566852734378	-18.8426716746514	87390014	115147.932530093	6188.17
103302	AD	CYCLE1807_DC	5068192	008144	142.566852734378	-18.8426716746514	87392437	115129.601339666	7104.53
103302	AD	CYCLE1807	5068192	008144	142.566852734378	-18.8426716746514	87437399	64638.3399123993	16894.7
103317	AD	CYCLE1802	5068198	036114	200.747373971409	-44.6624874544029	62016530	239064.135869784	7150.61
103317	AD	CYCLE1802_DC	5068198	036114	200.747373971409	-44.6624874544029	62016429	239066.313290672	7150.61
103317	AD	CYCLE1807_DC	5068198	036114	200.747373971409	-44.6624874544029	62019934	238997.698756063	15324.3
103317	AD	CYCLE1807	5068198	036114	200.747373971409	-44.6624874544029	62016529	239064.264260946	7150.61
103318	AD	CYCLE1802	5068198	037161	200.634908076535	-44.6888758902613	61946682	219829.183087974	7224.36
103318	AD	CYCLE1802_DC	5068198	037161	200.634908076535	-44.6888758902613	61946924	219825.770610176	6567.6
103318	AD	CYCLE1807_DC	5068198	037161	200.634908076535	-44.6888758902613	61946836	219831.675261256	6567.6
103318	AD	CYCLE1807	5068198	037161	200.634908076535	-44.6888758902613	61946643	219829.903282189	7224.36
103322	AD	CYCLE1802	5068203	009779	212.929057337261	-29.9745515499786	94873129	122843.779784007	36723.2
103322	AD	CYCLE1802_DC	5068203	009779	212.929057337261	-29.9745515499786	94847956	108358.135201124	5161.35
103322	AD	CYCLE1807_DC	5068203	009779	212.929057337261	-29.9745515499786	94848093	108357.069093877	5187.42
103322	AD	CYCLE1807	5068203	009779	212.929057337261	-29.9745515499786	94869107	122887.284649195	36825.7
103323	AD	CYCLE1706	5040707	009138	352.521690537179	-38.9699414227366	NULL	NULL	NULL
103339	AD	CYCLE1802	5090011	014024	1.82486859810285	-30.335376783452	105907057	1609938.08866897	19107.5
103339	AD	CYCLE1807_DC	5090011	014024	1.82486859810285	-30.335376783452	NULL	NULL	NULL
103339	AD	TEST23_DC2	5090011	014024	1.82486859810285	-30.335376783452	NULL	NULL	NULL
103339	AD	CYCLE1807	5090011	014024	1.82486859810285	-30.335376783452	105911531	1609156.12916026	17967.5
103339	AD	CYCLE1807_TFA	5090011	014024	1.82486859810285	-30.335376783452	105912024	1609061.84137481	16334.1
103351	AD	CYCLE1802	5090016	014866	70.4317769097693	-40.0447160848678	NULL	NULL	NULL
103351	AD	CYCLE1807_DC	5090016	014866	70.4317769097693	-40.0447160848678	114465943	352314.071752459	13955
103351	AD	CYCLE1807	5090016	014866	70.4317769097693	-40.0447160848678	114466289	352299.670931985	13955
103399	AD	CYCLE1802	5068161	012183	59.7448326324496	-30.7361244726242	NULL	NULL	NULL
103399	AD	CYCLE1807_DC	5068161	012183	59.7448326324496	-30.7361244726242	114357793	352900.29315775	10499.6
103399	AD	CYCLE1807	5068161	012183	59.7448326324496	-30.7361244726242	NULL	NULL	NULL
103401	AD	CYCLE1802	5068161	006331	59.4754977829085	-30.0197366664328	NULL	NULL	NULL
103401	AD	CYCLE1807_DC	5068161	006331	59.4754977829085	-30.0197366664328	114413411	569230.175908717	6529.04
103401	AD	CYCLE1807	5068161	006331	59.4754977829085	-30.0197366664328	NULL	NULL	NULL
103406	AD	CYCLE1802	5068161	012568	58.2638700354724	-30.8048942322825	NULL	NULL	NULL
103406	AD	CYCLE1807_DC	5068161	012568	58.2638700354724	-30.8048942322825	114607541	418703.821031306	8700.84
103406	AD	CYCLE1807	5068161	012568	58.2638700354724	-30.8048942322825	114607513	418710.587729799	8700.84
103438	AD	CYCLE1802	5068164	026479	71.4272155095961	-32.3279786058711	NULL	NULL	NULL
103438	AD	CYCLE1807_DC	5068164	026479	71.4272155095961	-32.3279786058711	114369513	148833.675280271	30087.8
103438	AD	CYCLE1807	5068164	026479	71.4272155095961	-32.3279786058711	114366873	59273.1468401962	19057.4
103456	AD	CYCLE1802	5068164	003451	71.2271251178606	-29.9076976583825	NULL	NULL	NULL
103456	AD	CYCLE1807_DC	5068164	003451	71.2271251178606	-29.9076976583825	114944943	1417766.46988894	9566.25
103456	AD	CYCLE1807	5068164	003451	71.2271251178606	-29.9076976583825	114348698	57503.6645733678	6627.18
103524	AD	CYCLE1802	5068167	003832	73.3552481386965	-32.8003544888692	NULL	NULL	NULL
103524	AD	CYCLE1807_DC	5068167	003832	73.3552481386965	-32.8003544888692	114387499	283047.918034431	7892.92
103524	AD	CYCLE1807	5068167	003832	73.3552481386965	-32.8003544888692	114387540	283047.73220526	7892.92
103527	AD	CYCLE1807_DC	5226623	008625	75.7955654461153	-30.399375655975	114383133	76209.5826935806	2947.18
103527	AD	CYCLE1807	5226623	008625	75.7955654461153	-30.399375655975	114485897	237457.232986735	25447.3
103529	AD	CYCLE1807_DC	5226623	016972	76.2303616283	-31.3182034389764	114578160	390877.867292265	9551.83
103529	AD	CYCLE1807	5226623	016972	76.2303616283	-31.3182034389764	114970982	781619.67945422	8711.8
103547	AD	CYCLE1807_DC	5226640	030822	320.263854558989	-52.5054604896397	104279882	283638.456679201	12741.5
103547	AD	CYCLE1807	5226640	030822	320.263854558989	-52.5054604896397	104279888	283639.662363451	12741.5
103551	AD	CYCLE1807_DC	5226640	013304	320.062801110581	-51.3036169881897	105708688	1896755.0266305	11567.5
103551	AD	CYCLE1807	5226640	013304	320.062801110581	-51.3036169881897	105708751	1896750.16460829	11567.5
103555	AD	CYCLE1807_DC	5226640	025111	319.581272774095	-52.1127860840665	104297152	236329.442005686	6499.25
103555	AD	CYCLE1807	5226640	025111	319.581272774095	-52.1127860840665	104297046	236333.468692772	6499.25
103559	AD	CYCLE1802	5068212	054338	229.801168209945	-25.8889236337737	96895231	121721.109128429	40031.8
103559	AD	CYCLE1807_DC	5068212	054338	229.801168209945	-25.8889236337737	97023600	286428.268798822	6539.04
103559	AD	CYCLE1807	5068212	054338	229.801168209945	-25.8889236337737	96894238	121729.961300265	40045.9
103625	AD	CYCLE1807_DC	5068174	030436	79.7922916200833	-26.4872516201614	54587150	366958.660164258	6529.82
103625	AD	CYCLE1807	5068174	030436	79.7922916200833	-26.4872516201614	54831250	489373.354172257	8709.74
103625	AD	CAL_TEST_OLD	5068174	030436	79.7922916200833	-26.4872516201614	54812628	1063059.64430776	16939.8
103625	AD	CAL_TEST_NEW	5068174	030436	79.7922916200833	-26.4872516201614	54777288	805070.612007021	17978.5
103646	AD	CYCLE1807_DC	5226623	013100	73.9778676928673	-30.8878298042793	114911297	804075.959110501	12484.3
103646	AD	CYCLE1807	5226623	013100	73.9778676928673	-30.8878298042793	114417216	80577.4575937801	26166.5
103867	AD	CYCLE1802	5068167	015994	72.9005556154595	-34.2262452705686	NULL	NULL	NULL
103867	AD	CYCLE1807_DC	5068167	015994	72.9005556154595	-34.2262452705686	114359794	280070.923231875	9776.63
103867	AD	CYCLE1807	5068167	015994	72.9005556154595	-34.2262452705686	114361080	280023.083725252	7885.33
103934	AD	CYCLE1807_DC	5226628	062623	168.563891432524	-37.91014878055	124599106	299630.014566578	8694.58
103934	AD	CYCLE1807	5226628	062623	168.563891432524	-37.91014878055	124599166	299628.774994533	8694.58
103951	AD	CYCLE1807_DC	5068246	014961	354.249427868869	-40.0682836525989	74756625	1868121.00499309	7904.78
103951	AD	CYCLE1807	5068246	014961	354.249427868869	-40.0682836525989	74758773	1867808.81717953	7903.8
103952	AD	CYCLE1802	5068242	005244	332.759193871907	-27.2956898857971	104630613	306776.104091609	13859.4
103952	AD	CYCLE1807_DC	5068242	005244	332.759193871907	-27.2956898857971	104630618	306775.775301388	13885.8
103952	AD	CYCLE1807	5068242	005244	332.759193871907	-27.2956898857971	104630603	306774.119645286	13888.1
103954	AD	CYCLE1802	5068242	002089	333.111249142487	-26.9263935102055	104810328	496735.638388658	13044
103954	AD	CYCLE1807_DC	5068242	002089	333.111249142487	-26.9263935102055	104810620	496729.237834295	13044
103954	AD	CYCLE1807	5068242	002089	333.111249142487	-26.9263935102055	104810323	496736.876146347	13044
103955	AD	CYCLE1807_DC	5226641	000856	323.633951857744	-7.08743842670435	104798428	490005.173044345	15365.6
103955	AD	CYCLE1807	5226641	000856	323.633951857744	-7.08743842670435	104798274	490032.504805301	13968.8
103958	AD	CYCLE1807_DC	5226641	030667	321.692648171086	-9.39532220809805	104750653	364887.982007365	9811.54
103958	AD	CYCLE1807	5226641	030667	321.692648171086	-9.39532220809805	104750655	364889.37885427	9811.54
103962	AD	CYCLE1802	5068229	021654	324.853850964265	-31.3876220666058	NULL	NULL	NULL
103962	AD	CYCLE1802_DC	5068229	021654	324.853850964265	-31.3876220666058	NULL	NULL	NULL
103962	AD	CYCLE1807_DC	5068229	021654	324.853850964265	-31.3876220666058	104570499	624715.83903522	6544.13
103962	AD	CYCLE1807	5068229	021654	324.853850964265	-31.3876220666058	104570174	624735.559050927	6545.09
103964	AD	CYCLE1802	5068243	013165	343.323392819653	-0.168170102959064	NULL	NULL	NULL
103964	AD	CYCLE1807_DC	5068243	013165	343.323392819653	-0.168170102959064	105876578	221647.26784231	7915.28
103964	AD	CYCLE1807	5068243	013165	343.323392819653	-0.168170102959064	105876642	221641.939749643	7915.28
103986	AD	CYCLE1802	5068240	008933	329.772406789374	-33.0661922815553	105204857	1094219.81385834	10529.7
103986	AD	CYCLE1807_DC	5068240	008933	329.772406789374	-33.0661922815553	105204845	1094213.56636199	10529.7
103986	AD	CYCLE1807	5068240	008933	329.772406789374	-33.0661922815553	105204882	1094222.86933114	10529.7
103992	AD	CYCLE1802	5090006	063417	300.375436526179	-11.6769417776989	NULL	NULL	NULL
103992	AD	CYCLE1802_DC	5090006	063417	300.375436526179	-11.6769417776989	NULL	NULL	NULL
103992	AD	CYCLE1807_DC	5090006	063417	300.375436526179	-11.6769417776989	105156439	561660.799050584	7383.59
103992	AD	CYCLE1807	5090006	063417	300.375436526179	-11.6769417776989	104681044	134964.692395428	25416
104005	AD	CYCLE1802	5090017	000648	83.4322018816206	-4.00878914181587	NULL	NULL	NULL
104005	AD	CYCLE1807_DC	5090017	000648	83.4322018816206	-4.00878914181587	114599334	243179.671427617	9573.68
104005	AD	CYCLE1807	5090017	000648	83.4322018816206	-4.00878914181587	114536249	109521.11831236	18443.6
104030	AD	CYCLE1802	5090006	062764	302.521017510534	-11.6256829155253	NULL	NULL	NULL
104030	AD	CYCLE1802_DC	5090006	062764	302.521017510534	-11.6256829155253	NULL	NULL	NULL
104030	AD	CYCLE1807_DC	5090006	062764	302.521017510534	-11.6256829155253	104702817	55406.002866746	6385.22
104030	AD	CYCLE1807	5090006	062764	302.521017510534	-11.6256829155253	104702845	55405.6292175392	6385.22
104047	AD	CYCLE1807_DC	5226641	019096	321.74116983495	-8.49934653051224	105355170	960799.912559566	7902.76
104047	AD	CYCLE1807	5226641	019096	321.74116983495	-8.49934653051224	105355184	960800.380236086	7902.76
104059	AD	CYCLE1807_DC	5226641	017139	321.89711671408	-8.3523967180667	104531074	379114.207207621	11893.4
104059	AD	CYCLE1807	5226641	017139	321.89711671408	-8.3523967180667	104529751	379151.179657804	11608.7
104079	AD	CYCLE1807_DC	5068188	069870	97.8986586569235	-66.0711245964447	54767341	662848.55966502	10544.5
104079	AD	CYCLE1807	5068188	069870	97.8986586569235	-66.0711245964447	55432781	1230806.49978013	22547.5
104102	AD	CYCLE1802	5090006	003906	300.847785088421	-9.20336998675859	NULL	NULL	NULL
104102	AD	CYCLE1802_DC	5090006	003906	300.847785088421	-9.20336998675859	NULL	NULL	NULL
104102	AD	CYCLE1807_DC	5090006	003906	300.847785088421	-9.20336998675859	105148104	577453.154326732	15059.7
104102	AD	CYCLE1807	5090006	003906	300.847785088421	-9.20336998675859	105746797	1344643.12495658	16333
104126	AD	CYCLE1807_DC	5068217	010304	308.632288289268	-24.227275212493	73089805	568852.710237099	16922.9
104126	AD	CYCLE1807	5068217	010304	308.632288289268	-24.227275212493	73089867	568847.173827547	16922.9
104132	AD	CYCLE1807_DC	5068217	038202	306.882776314504	-25.7668032665085	72733551	243897.75099891	7299.02
104132	AD	CYCLE1807	5068217	038202	306.882776314504	-25.7668032665085	72805711	131257.23601161	27080.8
104159	AD	CYCLE1802	5068242	018361	331.50552631013	-28.7852141248989	104449178	73781.1649837713	17151.5
104159	AD	CYCLE1807_DC	5068242	018361	331.50552631013	-28.7852141248989	104557057	331452.335288482	7173.28
104159	AD	CYCLE1807	5068242	018361	331.50552631013	-28.7852141248989	104449220	73781.2812531485	17151.5
104163	AD	CYCLE1807_DC	5068216	067257	307.072546290404	-21.095614695022	72690693	353764.166298466	7188.95
104163	AD	CYCLE1807	5068216	067257	307.072546290404	-21.095614695022	72690695	353766.09130149	7188.95
104167	AD	CYCLE1807_DC	5068216	050931	306.414689790305	-20.3819077380798	72779342	188651.268978758	5837.03
104167	AD	CYCLE1807	5068216	050931	306.414689790305	-20.3819077380798	NULL	NULL	NULL
104175	AD	CYCLE1807_DC	5068216	059209	307.382008501319	-20.7255465080542	73107768	471752.501276047	10982.9
104175	AD	CYCLE1807	5068216	059209	307.382008501319	-20.7255465080542	NULL	NULL	NULL
104204	AD	CYCLE1802	5068229	010478	323.264684510456	-30.3852474096769	NULL	NULL	NULL
104204	AD	CYCLE1802_DC	5068229	010478	323.264684510456	-30.3852474096769	NULL	NULL	NULL
104204	AD	CYCLE1807_DC	5068229	010478	323.264684510456	-30.3852474096769	104577697	287503.112812457	9845.96
104204	AD	CYCLE1807	5068229	010478	323.264684510456	-30.3852474096769	104577697	287500.894749981	9845.96
104249	AD	CYCLE1802	5068241	014496	330.550720505676	-19.55984324505	104436982	74715.5468419307	29011.3
104249	AD	CYCLE1807_DC	5068241	014496	330.550720505676	-19.55984324505	104579659	477576.060300429	7900.61
104249	AD	CYCLE1807	5068241	014496	330.550720505676	-19.55984324505	104579787	477583.839969828	7900.61
104264	AD	CYCLE1807_DC	5068223	034139	313.690070690419	-48.5983224919202	54365085	197289.841626954	7912.03
104264	AD	CYCLE1807	5068223	034139	313.690070690419	-48.5983224919202	54365086	197290.8539008	7912.03
104351	AD	CYCLE1802	5068171	022204	79.0053718654278	-31.4127161816165	NULL	NULL	NULL
104351	AD	CYCLE1807_DC	5068171	022204	79.0053718654278	-31.4127161816165	115311545	925934.251773498	8912.26
104351	AD	CYCLE1807	5068171	022204	79.0053718654278	-31.4127161816165	115312857	925820.945670567	6532.22
104375	AD	CYCLE1807_DC	5226641	009446	323.03497158829	-7.76658932220128	104464334	264803.466275751	18657.4
104375	AD	CYCLE1807	5226641	009446	323.03497158829	-7.76658932220128	NULL	NULL	NULL
104409	AD	CYCLE1802	5068192	027879	142.607833869398	-20.0052296355428	87449529	80558.0879674477	26163.7
104409	AD	CYCLE1802_DC	5068192	027879	142.607833869398	-20.0052296355428	87434165	75221.5994135636	26171.9
104409	AD	CYCLE1807_DC	5068192	027879	142.607833869398	-20.0052296355428	88575837	1302088.98002324	6537.61
104409	AD	CYCLE1807	5068192	027879	142.607833869398	-20.0052296355428	87449461	80558.2220828281	26163.7
104499	AD	CYCLE1807_DC	5068181	016099	88.2827836641102	-33.3787451530696	82155137	389542.872933655	6546.34
104499	AD	CYCLE1807	5068181	016099	88.2827836641102	-33.3787451530696	NULL	NULL	NULL
104564	AD	CYCLE1807_DC	5068183	003989	91.1953675715004	-32.5797257182994	82095142	136054.936505891	6585.25
104564	AD	CYCLE1807	5068183	003989	91.1953675715004	-32.5797257182994	82116976	124284.203256871	23165.7
104605	AD	CYCLE1807	5226633	008208	180.546215236882	-35.5483308372621	124602100	263633.140614058	11532.1
104605	AD	CYCLE1807_DC	5226633	008208	180.546215236882	-35.5483308372621	124602239	263629.26343791	11532.1
104663	AD	CYCLE1807	5226626	020011	169.097684376539	-33.2788536364582	124499802	201714.5101677	18570.5
104663	AD	CYCLE1807_DC	5226626	020011	169.097684376539	-33.2788536364582	124499785	201721.67939797	18570.5
104665	AD	CYCLE1807	5226626	004537	167.957493577632	-32.4006005922213	124431325	262797.175860804	18700.6
104665	AD	CYCLE1807_DC	5226626	004537	167.957493577632	-32.4006005922213	124431292	262798.119300101	18700.6
104666	AD	CYCLE1807	5226626	007318	167.066167551323	-32.5650613021514	124452934	294041.688335338	9792.53
104666	AD	CYCLE1807_DC	5226626	007318	167.066167551323	-32.5650613021514	124451786	294073.802720155	7900.38
104669	AD	CYCLE1807_DC	5226636	001002	188.035230793856	-37.980837823365	124965988	396914.491083101	7187.84
104669	AD	CYCLE1807	5226636	001002	188.035230793856	-37.980837823365	124965982	396914.911148193	7187.84
104670	AD	CYCLE1807_DC	5226636	003450	188.144841669656	-38.076132622665	124981775	153954.713193355	6266.82
104670	AD	CYCLE1807	5226636	003450	188.144841669656	-38.076132622665	NULL	NULL	NULL
104695	AD	CYCLE1807	5226635	056544	183.676067461771	-40.5072940615015	124671898	580481.844414559	6533.84
104695	AD	CYCLE1807_DC	5226635	056544	183.676067461771	-40.5072940615015	124671955	580482.209166189	6313.63
104696	AD	CYCLE1807	5226635	019993	182.964129523823	-38.8753774536778	125027393	919761.629522479	10511.9
104696	AD	CYCLE1807_DC	5226635	019993	182.964129523823	-38.8753774536778	126866616	2759298.34673821	10523
104718	AD	CYCLE1802	5068200	017669	209.517063658138	-30.3481526522945	95129068	447813.848329402	15395.2
104718	AD	CYCLE1802_DC	5068200	017669	209.517063658138	-30.3481526522945	95130118	447753.071810592	14360
104718	AD	CYCLE1807_DC	5068200	017669	209.517063658138	-30.3481526522945	95125805	447903.891535995	13997.6
104718	AD	CYCLE1807	5068200	017669	209.517063658138	-30.3481526522945	95129090	447810.858013078	15395.2
104742	AD	CYCLE1802	5068203	062106	213.489802207741	-32.2443975809977	94923043	412987.504292341	12731.4
104742	AD	CYCLE1802_DC	5068203	062106	213.489802207741	-32.2443975809977	94923084	412988.44944001	12731.4
104742	AD	CYCLE1807_DC	5068203	062106	213.489802207741	-32.2443975809977	94923044	412984.728831113	12731.4
104742	AD	CYCLE1807	5068203	062106	213.489802207741	-32.2443975809977	94922450	412998.789460546	15407
104769	AD	CYCLE1807	5226627	029292	168.125939702943	-31.2164472807216	124451769	403576.626204825	8724.05
104769	AD	CYCLE1807_DC	5226627	029292	168.125939702943	-31.2164472807216	124451804	403575.488287721	8724.05
104779	AD	CYCLE1807	5226626	012445	168.196536538204	-32.8525303039389	124442662	449903.954407848	10499.7
104779	AD	CYCLE1807_DC	5226626	012445	168.196536538204	-32.8525303039389	124440323	450007.079901478	10760
104826	AD	CYCLE1807	5226637	076793	196.70761760567	-40.702002264171	127938605	426984.944070603	70918.1
104826	AD	CYCLE1807_DC	5226637	076793	196.70761760567	-40.702002264171	128102205	220479.884931301	6506.57
104895	AD	CYCLE1802	5068201	003748	211.863520505983	-32.4567037660638	NULL	NULL	NULL
104895	AD	CYCLE1802_DC	5068201	003748	211.863520505983	-32.4567037660638	NULL	NULL	NULL
104895	AD	CYCLE1807_DC	5068201	003748	211.863520505983	-32.4567037660638	94832835	237252.257040815	6524.07
104895	AD	CYCLE1807	5068201	003748	211.863520505983	-32.4567037660638	NULL	NULL	NULL
104917	AD	CYCLE1802	5068201	054117	213.269132456036	-34.3687196015604	NULL	NULL	NULL
104917	AD	CYCLE1802_DC	5068201	054117	213.269132456036	-34.3687196015604	NULL	NULL	NULL
104917	AD	CYCLE1807_DC	5068201	054117	213.269132456036	-34.3687196015604	95003628	235965.92070993	5654.15
104917	AD	CYCLE1807	5068201	054117	213.269132456036	-34.3687196015604	94817985	63032.122546535	21320
104941	AD	CYCLE1807_DC	5226638	079263	215.720787877477	-35.1274443353221	97824908	308648.088728977	6552.01
104941	AD	CYCLE1807	5226638	079263	215.720787877477	-35.1274443353221	97824914	308647.822030034	6552.01
105135	AD	CYCLE1807_DC	5226628	028972	168.998441727898	-36.4594029404609	124397733	911055.821195991	20478.4
105135	AD	CYCLE1807	5226628	028972	168.998441727898	-36.4594029404609	124397725	911056.73269221	20478.4
105225	AD	CYCLE1807_DC	5068197	042231	200.543725051116	-28.9655891755951	63863410	333790.262176122	9772.76
105225	AD	CYCLE1807	5068197	042231	200.543725051116	-28.9655891755951	63530464	333749.25163047	6513.46
105288	AD	CYCLE1802	5068214	059013	249.157405223385	-1.17528676546167	NULL	NULL	NULL
105288	AD	CYCLE1802_DC	5068214	059013	249.157405223385	-1.17528676546167	NULL	NULL	NULL
105288	AD	CYCLE1807	5068214	059013	249.157405223385	-1.17528676546167	100514615	826508.051003356	20514.7
105288	AD	CYCLE1807_DC	5068214	059013	249.157405223385	-1.17528676546167	100506306	827213.297632219	12749.9
105372	AD	CYCLE1802	5068211	046098	222.953220548091	-31.247681735796	97139070	1601475.23827667	16041.7
105372	AD	CYCLE1807_DC	5068211	046098	222.953220548091	-31.247681735796	97138533	2883076.95962239	16122.3
105372	AD	CYCLE1807	5068211	046098	222.953220548091	-31.247681735796	97138430	2883016.87314921	15925.5
105375	AD	CYCLE1802	5068213	039769	242.517532444405	-0.879452115962227	100229521	515107.03239968	7179.14
105375	AD	CYCLE1802_DC	5068213	039769	242.517532444405	-0.879452115962227	100229462	515108.278759659	7897.05
105375	AD	CYCLE1807_DC	5068213	039769	242.517532444405	-0.879452115962227	100224108	515314.811101255	7182.01
105375	AD	CYCLE1807	5068213	039769	242.517532444405	-0.879452115962227	100224156	515309.214865372	7182.01
105420	AD	CYCLE1807	5226633	053968	180.733007250304	-37.691661274285	124858039	669747.654955652	14010.1
105420	AD	CYCLE1807_DC	5226633	053968	180.733007250304	-37.691661274285	124861618	669496.001159069	14002.8
105426	AD	CYCLE1807	5226633	021826	180.780176536712	-36.2155446965239	124398398	107955.940201176	6531.4
105426	AD	CYCLE1807_DC	5226633	021826	180.780176536712	-36.2155446965239	124398427	107955.856661712	6531.4
105438	AD	CYCLE1807	5226622	015636	315.76087476374	-33.5650932041951	133352973	107058.916797757	6477.19
105438	AD	CYCLE1807_DC	5226622	015636	315.76087476374	-33.5650932041951	133352976	107059.011552551	6477.19
105445	AD	CYCLE1807	5226620	004259	311.570854236261	-32.6375193639615	133123729	738221.387746477	16973.1
105445	AD	CYCLE1807_DC	5226620	004259	311.570854236261	-32.6375193639615	133123996	738191.883412495	15430.1
105484	AD	CYCLE1807	5226613	022831	307.41796261711	-39.0320790687108	133553920	243917.496620038	7935.85
105484	AD	CYCLE1807_DC	5226613	022831	307.41796261711	-39.0320790687108	133553921	243917.766248626	7935.85
105485	AD	CYCLE1807	5226631	022910	176.522660079854	-36.3088382503972	124444952	92750.4216748213	6601.79
105485	AD	CYCLE1807_DC	5226631	022910	176.522660079854	-36.3088382503972	124444939	92750.3208914566	6601.79
105503	AD	CYCLE1807	5226631	024170	175.001604272449	-36.3704841227511	125271896	1481933.60082438	24804.5
105503	AD	CYCLE1807_DC	5226631	024170	175.001604272449	-36.3704841227511	124749864	413577.4336282	6541.33
105533	AD	CYCLE1807	5226618	027175	311.95771615085	-31.2961897392815	133057821	1238984.58336219	9563.9
105533	AD	CYCLE1807_DC	5226618	027175	311.95771615085	-31.2961897392815	133172662	254850.434177065	20591.4
105553	AD	CYCLE1807	5226630	004152	176.240231757674	-38.1398207215808	124467052	355991.497167342	17343
105553	AD	CYCLE1807_DC	5226630	004152	176.240231757674	-38.1398207215808	124466915	355996.26376097	17343
105559	AD	CYCLE1807	5226630	055675	176.550814119613	-40.4823809465038	124932085	1784672.80443974	16334.8
105559	AD	CYCLE1807_DC	5226630	055675	176.550814119613	-40.4823809465038	124681363	615689.036347436	8696.86
105592	AD	CYCLE1807	5226619	004084	311.258058893031	-35.4277711682222	133405292	133344.59016617	6585.7
105592	AD	CYCLE1807_DC	5226619	004084	311.258058893031	-35.4277711682222	133405274	133344.711355342	6585.7
105651	AD	CYCLE1807	5226619	010279	312.011483399997	-35.8424900093416	133464398	362911.823223176	11370
105651	AD	CYCLE1807_DC	5226619	010279	312.011483399997	-35.8424900093416	133464417	362911.88981718	11451.5
105674	AD	CYCLE1807	5226632	017950	177.324100816685	-33.3857187762122	124678418	374219.611471777	6514.9
105674	AD	CYCLE1807_DC	5226632	017950	177.324100816685	-33.3857187762122	124678508	374215.350498845	6514.9
105675	AD	CYCLE1807	5226632	029538	179.162774080874	-33.9551243265595	124407335	57460.9287061964	7284.23
105675	AD	CYCLE1807_DC	5226632	029538	179.162774080874	-33.9551243265595	124488175	599360.361124378	9566.18
105704	AD	CYCLE1807	5226615	018710	309.297876563507	-35.98458184974	133321230	486535.453775822	8706.75
105704	AD	CYCLE1807_DC	5226615	018710	309.297876563507	-35.98458184974	133321865	486505.145509097	9810.91
101101	AS	CYCLE1706	5040669	024577	89.5988450039558	-30.8117893082496	82036609	115546.117243205	6503.07
101135	AS	CYCLE1706	5040677	002562	139.416523602358	-15.5995646680405	87924755	827529.976154304	24848.6
101155	AS	CYCLE1706	5040679	018224	141.920867103057	-19.3473150788359	87549196	383234.611041256	6531.17
101277	AS	CYCLE1706	5040688	024641	218.795698060682	-25.0561579418618	63889976	382769.183472012	7892.61
101282	AS	CYCLE1706	5040688	049689	217.26391885628	-26.1946531463072	63731958	292489.731124286	9595.62
101296	AS	CYCLE1706	5040714	044989	218.184204884669	-31.4742459407545	95047099	326630.964954319	11855.5
101322	AS	CYCLE1706	5040715	072064	220.301986999102	-32.2042087479213	94867126	68472.8489436982	7290.72
101415	AS	CYCLE1706	5040659	031731	77.423827902733	-34.7559401010814	82181858	297777.726920916	9826.13
101429	AS	CYCLE1706	5040717	074901	224.841344381871	-32.0525717181579	96970879	91253.9218364783	6382.75
101515	AS	CYCLE1706	5041762	017962	305.79885261398	-18.933702728362	72817685	203083.745907527	7929.19
101547	AS	CYCLE1706	5040697	008696	321.618007863836	-16.0898202787384	72727155	523717.177833239	11572.2
101549	AS	CYCLE1706	5040697	018399	321.919137243964	-16.782164111504	72790941	221844.282894608	6546.9
101556	AS	CYCLE1706	5040699	004913	322.15658194027	3.84829421047256	72844253	417569.6932705	18599.6
101564	AS	CYCLE1706	5040699	026172	322.049375291057	2.39501885251308	72924486	236556.420957851	8658.86
101574	AS	CYCLE1706	5040701	027091	325.267132050564	7.90547268123703	72706803	104928.122691155	9765.69
101577	AS	CYCLE1706	5041764	006380	327.252367513963	-32.7851129217363	72906624	379124.469422618	8722.15
101594	AS	CYCLE1706	5040702	005305	328.517427831276	-38.3774361726164	72927728	305449.100943132	7915.11
101597	AS	CYCLE1706	5040702	008156	327.672232902622	-38.6127976612258	73375097	890548.932856936	12726
101625	AS	CYCLE1706	5040710	014521	357.67419400174	-37.6198759861082	74573562	1321614.61293555	16349.9
101629	AS	CYCLE1706	5040701	033774	324.514281279488	7.40225166394717	72888074	832139.446471346	19106.8
101634	AS	TEST16A	5008504	013505	206.389711046435	-11.1052398725642	72585555	197136.311421407	7188.2
101634	AS	TEST18	5008504	013505	206.389711046435	-11.1052398725642	72584715	98594.0617448559	7802.75
101655	AS	CYCLE1706	5040668	012746	88.1504145979954	-33.1061215674431	82229997	511418.321577072	15811.9
101731	AS	CYCLE1706	5040667	010355	83.1484758234983	-30.195931641357	82101086	167186.926088423	6501.01
101766	AS	TEST18	5018498	034149	79.525396048568	-37.7352868662136	82365142	458614.19170502	9792.12
101955	AS	CYCLE1706	5040666	021248	82.1167757493679	-36.7204664309171	82111440	548390.890529505	8701.88
101974	AS	TEST16A	5008505	051290	206.151933561456	-34.8097643642756	NULL	NULL	NULL
101974	AS	TEST18	5008505	051290	206.151933561456	-34.8097643642756	72569765	151678.950130781	14052.5
102016	AS	TEST16	5006384	023859	216.217656106314	-0.53449170059692	63555400	143504.806096687	6552.62
102016	AS	TEST16A	5006384	023859	216.217656106314	-0.53449170059692	63555314	215259.379836821	6511.76
102016	AS	TEST18	5006384	023859	216.217656106314	-0.53449170059692	63551909	30761.7589510982	3760.9
102130	AS	CYCLE1706	5040666	028586	83.8422181374965	-37.2885674151329	82419649	465933.321985177	9541.82
102300	AS	CYCLE1706	5040699	030748	322.21854541642	2.07572928004296	72806421	128164.765330929	14146
102329	AS	CYCLE1706	5040712	058640	215.093407681455	-31.8222270034938	94894404	358147.899775265	11827.3
102329	AS	NGTS2B	5040712	058640	215.093407681455	-31.8222270034938	NULL	NULL	NULL
102401	AS	CYCLE1706	5040658	023409	63.1788536716461	-20.9360956269563	59222419	158068.806642421	12636.1
102412	AS	CYCLE1706	5040658	019564	62.6197685371347	-20.4707292255939	59212609	145943.825133118	6540.21
102509	AS	CYCLE1706	5040663	011191	79.772231354491	-30.3946594103531	82311788	441739.515013507	11549
102624	AS	CYCLE1706	5040718	078644	228.52041211792	-26.4741683928063	96936611	126085.619102696	6492.47
102947	AS	CYCLE1706	5041760	006543	244.137598674019	1.08431366163727	100303281	140378.877466884	13066.8
102975	AS	CYCLE1706	5041761	070293	250.525546755652	-1.31540126609531	100222688	395386.797534902	19818.7
103273	AS	CYCLE1706	5040697	018703	322.255619683235	-16.7973117635358	72756532	522487.448266034	15445.6
103344	AS	CYCLE1802	5068161	015914	58.1272867426397	-31.237996527553	NULL	NULL	NULL
103344	AS	CYCLE1807_DC	5068161	015914	58.1272867426397	-31.237996527553	114382376	350451.266906718	12712.7
103344	AS	CYCLE1807	5068161	015914	58.1272867426397	-31.237996527553	114764304	438790.413953541	22494.7
103354	AS	CYCLE1802	5068168	013597	75.4793686686787	-39.0846851856983	NULL	NULL	NULL
103354	AS	CYCLE1807_DC	5068168	013597	75.4793686686787	-39.0846851856983	114726953	1250952.25732048	11586
103354	AS	CYCLE1807	5068168	013597	75.4793686686787	-39.0846851856983	114727158	1250973.87426546	12746.5
103383	AS	CYCLE1802	5068168	008400	77.1652984124588	-38.658443815449	NULL	NULL	NULL
103383	AS	CYCLE1807_DC	5068168	008400	77.1652984124588	-38.658443815449	114825963	712926.284444145	6535.59
103383	AS	CYCLE1807	5068168	008400	77.1652984124588	-38.658443815449	NULL	NULL	NULL
103470	AS	CYCLE1802	5068164	014793	71.4229671319324	-31.1062285180851	114352918	30636.680238807	11367.5
103470	AS	CYCLE1807_DC	5068164	014793	71.4229671319324	-31.1062285180851	114350626	310174.850412956	9790.5
103470	AS	CYCLE1807	5068164	014793	71.4229671319324	-31.1062285180851	NULL	NULL	NULL
103592	AS	CYCLE1802	5068168	003585	76.8148345759563	-38.2775309956266	114807382	527108.716781505	8706.5
103592	AS	CYCLE1807_DC	5068168	003585	76.8148345759563	-38.2775309956266	114807180	527085.881216428	7195.45
103592	AS	CYCLE1807	5068168	003585	76.8148345759563	-38.2775309956266	114807073	527076.29999332	7195.45
103598	AS	CYCLE1802	5068168	002388	76.2493495541926	-38.1794153281994	114438938	215368.551608939	11542.3
103598	AS	CYCLE1807_DC	5068168	002388	76.2493495541926	-38.1794153281994	114671326	395376.388870206	23836.8
103598	AS	CYCLE1807	5068168	002388	76.2493495541926	-38.1794153281994	114438494	107676.433786263	11539.7
103599	AS	CYCLE1802	5068168	004560	76.8814152599856	-38.3538310388448	114371524	57537.0137706919	11752.4
103599	AS	CYCLE1807_DC	5068168	004560	76.8814152599856	-38.3538310388448	114626088	683719.832491472	7194.34
103599	AS	CYCLE1807	5068168	004560	76.8814152599856	-38.3538310388448	114372212	57530.7734385325	10679.3
103735	AS	CYCLE1807_DC	5226624	046077	82.1146652209143	-1.90283712846925	115893763	119268.52362959	9839.37
103735	AS	CYCLE1807	5226624	046077	82.1146652209143	-1.90283712846925	NULL	NULL	NULL
103790	AS	CYCLE1807_DC	5226624	004334	81.2271914212979	0.074043939687886	115894217	210971.381497891	9583.11
103790	AS	CYCLE1807	5226624	004334	81.2271914212979	0.074043939687886	115820836	80906.158977969	24796.5
103792	AS	CYCLE1802	5068169	019451	77.3408206137498	-36.9764106945904	NULL	NULL	NULL
103792	AS	CYCLE1807_DC	5068169	019451	77.3408206137498	-36.9764106945904	114382345	448033.512001244	6531.94
103792	AS	CYCLE1807	5068169	019451	77.3408206137498	-36.9764106945904	114384645	447928.378241715	6530.03
103799	AS	CYCLE1802	5090016	008365	73.2826295674409	-39.0988305074694	NULL	NULL	NULL
103799	AS	CYCLE1807_DC	5090016	008365	73.2826295674409	-39.0988305074694	114472937	244276.719915418	7224.63
103799	AS	CYCLE1807	5090016	008365	73.2826295674409	-39.0988305074694	114434932	129029.726860212	13008.6
103822	AS	CYCLE1807_DC	5068175	027209	82.1165435229361	-31.970500165091	82207724	629042.595917491	6533.09
103822	AS	CYCLE1807	5068175	027209	82.1165435229361	-31.970500165091	NULL	NULL	NULL
103874	AS	CYCLE1802	5068166	024105	72.1027963505912	-37.705741709259	NULL	NULL	NULL
103874	AS	CYCLE1807_DC	5068166	024105	72.1027963505912	-37.705741709259	114529909	217364.281525091	9861.3
103874	AS	CYCLE1807	5068166	024105	72.1027963505912	-37.705741709259	NULL	NULL	NULL
103911	AS	CYCLE1802	5068169	010939	75.279148503349	-36.197489091453	NULL	NULL	NULL
103911	AS	CYCLE1807_DC	5068169	010939	75.279148503349	-36.197489091453	114791679	524722.537083597	9818.52
103911	AS	CYCLE1807	5068169	010939	75.279148503349	-36.197489091453	114452333	168270.397372549	34019.1
103941	AS	CYCLE1807_DC	5226623	018398	73.5658843425105	-31.4863831869096	114509603	309866.256878232	10501.1
103941	AS	CYCLE1807	5226623	018398	73.5658843425105	-31.4863831869096	114384748	57464.3180463316	6622.58
103959	AS	CYCLE1807_DC	5226641	000899	323.595976005958	-7.08931544806563	104829404	782194.118991962	6527.47
103959	AS	CYCLE1807	5226641	000899	323.595976005958	-7.08931544806563	NULL	NULL	NULL
103960	AS	CYCLE1807_DC	5226641	013863	321.945310528863	-8.09856639794152	104546815	546721.23266083	12703.2
103960	AS	CYCLE1807	5226641	013863	321.945310528863	-8.09856639794152	NULL	NULL	NULL
103971	AS	CYCLE1802	5068233	033712	327.276464421355	-6.78430523982907	NULL	NULL	NULL
103971	AS	CYCLE1807_DC	5068233	033712	327.276464421355	-6.78430523982907	104569163	278265.668480069	9572.18
103971	AS	CYCLE1807	5068233	033712	327.276464421355	-6.78430523982907	NULL	NULL	NULL
104018	AS	CYCLE1802	5068240	020706	331.357939582544	-34.1427735287218	104558994	268282.134932242	19203.8
104018	AS	CYCLE1807_DC	5068240	020706	331.357939582544	-34.1427735287218	104495554	300433.732365932	14042.9
104018	AS	CYCLE1807	5068240	020706	331.357939582544	-34.1427735287218	NULL	NULL	NULL
104060	AS	CYCLE1807_DC	5226641	020794	323.877461762033	-8.63842711126027	104531230	251577.527935931	12758.3
104060	AS	CYCLE1807	5226641	020794	323.877461762033	-8.63842711126027	104406757	57430.4318874622	7279.14
104061	AS	CYCLE1807_DC	5226641	035279	323.593681062397	-9.78225498590021	104617316	241464.482515506	8739.12
104061	AS	CYCLE1807	5226641	035279	323.593681062397	-9.78225498590021	NULL	NULL	NULL
104071	AS	CYCLE1807_DC	5068188	061692	96.043176297187	-65.8201356350142	54754685	420716.545738476	6526.58
104071	AS	CYCLE1807	5068188	061692	96.043176297187	-65.8201356350142	54427285	57445.6463204809	7282.8
104080	AS	CYCLE1807_DC	5068188	020150	93.6797805802009	-64.1984643109456	54401031	509993.183057081	9559.57
104080	AS	CYCLE1807	5068188	020150	93.6797805802009	-64.1984643109456	54410577	57431.5517186052	8808.82
104143	AS	CYCLE1807_DC	5068217	029342	306.799256761333	-25.2656996078613	72878171	418200.588817251	9559.47
104143	AS	CYCLE1807	5068217	029342	306.799256761333	-25.2656996078613	72714306	57449.1754585611	7282.84
104158	AS	CYCLE1802	5068242	007388	330.993152839352	-27.5605885274722	104432800	260445.362606426	15482.1
104158	AS	CYCLE1807_DC	5068242	007388	330.993152839352	-27.5605885274722	104623491	311380.962312985	8721.52
104158	AS	CYCLE1807	5068242	007388	330.993152839352	-27.5605885274722	104415557	57486.2543167003	13023.1
104164	AS	CYCLE1807_DC	5068216	055882	307.475855300515	-20.5773587238216	72785665	427363.182211589	9583.73
104164	AS	CYCLE1807	5068216	055882	307.475855300515	-20.5773587238216	NULL	NULL	NULL
104172	AS	CYCLE1807_DC	5068216	028644	306.18661611354	-19.4393143118614	72809548	436900.051983014	10509.8
104172	AS	CYCLE1807	5068216	028644	306.18661611354	-19.4393143118614	NULL	NULL	NULL
104182	AS	CYCLE1807_DC	5226640	012185	320.74147602727	-51.2258860203404	105223509	2490392.72464497	6536.35
104182	AS	CYCLE1807	5226640	012185	320.74147602727	-51.2258860203404	NULL	NULL	NULL
104219	AS	CYCLE1802	5090011	014009	1.58338000292106	-30.3363910665438	105694883	128278.11070833	6467.41
104219	AS	CYCLE1807_DC	5090011	014009	1.58338000292106	-30.3363910665438	105694919	128278.630842998	6467.41
104219	AS	TEST23_DC2	5090011	014009	1.58338000292106	-30.3363910665438	105694919	128278.630842998	6467.41
104219	AS	CYCLE1807	5090011	014009	1.58338000292106	-30.3363910665438	105694843	128278.277540004	6467.41
104219	AS	CYCLE1807_TFA	5090011	014009	1.58338000292106	-30.3363910665438	105694877	128277.186782606	6467.41
104263	AS	CYCLE1802	5068241	011897	330.846167168414	-19.3362160214346	104548943	624010.089172779	30838.7
104263	AS	CYCLE1807_DC	5068241	011897	330.846167168414	-19.3362160214346	104433227	385012.945985579	7883.9
104263	AS	CYCLE1807	5068241	011897	330.846167168414	-19.3362160214346	NULL	NULL	NULL
104317	AS	CYCLE1802	5068241	005061	329.359316948372	-18.7268931380305	104493415	90770.537881981	31891.3
104317	AS	CYCLE1807_DC	5068241	005061	329.359316948372	-18.7268931380305	104995746	763895.903639572	7904.15
104317	AS	CYCLE1807	5068241	005061	329.359316948372	-18.7268931380305	104495732	90749.6985985293	31324
104339	AS	CYCLE1807_DC	5226617	007729	309.856531396101	-38.3376742263631	132951728	95882.8125952509	5569.88
104339	AS	CYCLE1807	5226617	007729	309.856531396101	-38.3376742263631	132951439	95886.2673661196	5410.75
104372	AS	CYCLE1802	5068233	030727	326.407719000443	-6.56912610644335	104455678	57416.6346725664	8006.17
104372	AS	CYCLE1807_DC	5068233	030727	326.407719000443	-6.56912610644335	104463388	194664.237847712	8708.62
104372	AS	CYCLE1807	5068233	030727	326.407719000443	-6.56912610644335	104407051	57412.9756176713	9687.46
104396	AS	CYCLE1802	5090016	000318	71.5680335197142	-38.0036609004766	NULL	NULL	NULL
104396	AS	CYCLE1807_DC	5090016	000318	71.5680335197142	-38.0036609004766	114516839	620744.424960743	12726.9
104396	AS	CYCLE1807	5090016	000318	71.5680335197142	-38.0036609004766	114399929	57405.5006971604	9686.79
104408	AS	CYCLE1807	5068220	048174	310.529550916157	-3.53373646499338	73007427	2508640.94837233	36341.8
104408	AS	CYCLE1807_DC	5068220	048174	310.529550916157	-3.53373646499338	72794799	147863.932796623	13010.9
104442	AS	CYCLE1802	5068244	012040	343.343200368246	2.85114187349429	NULL	NULL	NULL
104442	AS	CYCLE1807_DC	5068244	012040	343.343200368246	2.85114187349429	105966570	417126.742534526	7930.94
104442	AS	CYCLE1807	5068244	012040	343.343200368246	2.85114187349429	105966594	417125.715264538	7930.94
104453	AS	CYCLE1802	5068244	018928	343.841804177657	1.98506193390563	NULL	NULL	NULL
104453	AS	CYCLE1807_DC	5068244	018928	343.841804177657	1.98506193390563	106467082	842294.236369797	16335.6
104453	AS	CYCLE1807	5068244	018928	343.841804177657	1.98506193390563	105735103	57413.1748716105	15491.2
104477	AS	CYCLE1802	5090017	005423	84.898950854935	-4.34945165685943	NULL	NULL	NULL
104477	AS	CYCLE1807_DC	5090017	005423	84.898950854935	-4.34945165685943	114538496	583032.426131635	6532.11
104477	AS	CYCLE1807	5090017	005423	84.898950854935	-4.34945165685943	NULL	NULL	NULL
104478	AS	CYCLE1802	5090017	015450	83.536751587246	-5.1720360980398	NULL	NULL	NULL
104478	AS	CYCLE1807_DC	5090017	015450	83.536751587246	-5.1720360980398	114516629	804702.364100939	9566.78
104478	AS	CYCLE1807	5090017	015450	83.536751587246	-5.1720360980398	NULL	NULL	NULL
104481	AS	CYCLE1802	5090017	016614	83.2069559031719	-5.254637844541	114622730	444736.734519915	10504.1
104481	AS	CYCLE1807_DC	5090017	016614	83.2069559031719	-5.254637844541	114517234	482767.031632199	7179.53
104481	AS	CYCLE1807	5090017	016614	83.2069559031719	-5.254637844541	NULL	NULL	NULL
104493	AS	CYCLE1807_DC	5068246	011606	354.00015328492	-39.589207354025	74220504	704218.530908712	10773.9
104493	AS	CYCLE1807	5068246	011606	354.00015328492	-39.589207354025	73824139	30541.3443686562	10078.8
104497	AS	CYCLE1807_DC	5068181	003807	87.6223726732617	-32.5620628491058	82125705	98983.5530110198	10427
104497	AS	CYCLE1807	5068181	003807	87.6223726732617	-32.5620628491058	NULL	NULL	NULL
104498	AS	CYCLE1807_DC	5068181	016569	87.702893773387	-33.4240429676451	82260965	284913.395902505	9729.77
104498	AS	CYCLE1807	5068181	016569	87.702893773387	-33.4240429676451	NULL	NULL	NULL
104500	AS	CYCLE1807_DC	5068181	024647	86.9690172678258	-33.9814103095803	82229749	313761.130019476	9817.41
104500	AS	CYCLE1807	5068181	024647	86.9690172678258	-33.9814103095803	NULL	NULL	NULL
104515	AS	CYCLE1807_DC	5068246	001671	352.796154858787	-38.1784488564318	73892460	159818.752973642	7932.25
104515	AS	CYCLE1807	5068246	001671	352.796154858787	-38.1784488564318	73881990	235699.966683042	6556.49
104519	AS	CYCLE1807	5068248	006594	355.011676980242	-36.727412733303	NULL	NULL	NULL
104519	AS	CYCLE1807_DC	5068248	006594	355.011676980242	-36.727412733303	73961595	590774.427274268	10514.3
104527	AS	CYCLE1807_DC	5068181	027678	87.5914319163216	-34.1841849656596	82230821	313722.40871811	7199.43
104527	AS	CYCLE1807	5068181	027678	87.5914319163216	-34.1841849656596	NULL	NULL	NULL
104529	AS	CYCLE1807_DC	5068178	027440	84.6568343092364	-37.1509015373168	82152556	510421.071678637	10783.1
104529	AS	CYCLE1807	5068178	027440	84.6568343092364	-37.1509015373168	82048376	80749.7404361106	29355.1
104532	AS	CYCLE1807_DC	5068217	018302	305.953570059059	-24.6428444121641	73499930	888541.710230347	6297.5
104532	AS	CYCLE1807	5068217	018302	305.953570059059	-24.6428444121641	NULL	NULL	NULL
104541	AS	CYCLE1807_DC	5226625	015512	94.354077345632	-33.2605384841988	97114086	203508.738810239	6567.17
104541	AS	CYCLE1807	5226625	015512	94.354077345632	-33.2605384841988	97114438	203529.811479409	7946.28
104570	AS	CYCLE1807_DC	5068185	017158	93.9492725240929	-24.6166608819809	54838921	1084005.77785331	12746.6
104570	AS	CYCLE1807	5068185	017158	93.9492725240929	-24.6166608819809	NULL	NULL	NULL
104575	AS	CYCLE1802	5068192	040909	143.926251624507	-20.7123181391792	87448473	607480.964949941	33028.9
104575	AS	CYCLE1802_DC	5068192	040909	143.926251624507	-20.7123181391792	87786401	698735.046872882	39937.5
104575	AS	CYCLE1807_DC	5068192	040909	143.926251624507	-20.7123181391792	87808252	756300.371902759	7908.91
104575	AS	CYCLE1807	5068192	040909	143.926251624507	-20.7123181391792	87493883	302976.492286597	18677.2
104577	AS	CYCLE1807_DC	5068183	022989	91.8978456974471	-33.837433336971	82303803	365828.998110959	15869.3
104577	AS	CYCLE1807	5068183	022989	91.8978456974471	-33.837433336971	82084463	57573.2604333931	6634.44
104617	AS	CYCLE1807_DC	5068234	022448	327.542869119742	-34.4941662709515	72765083	91558.1895229198	6516.46
104617	AS	CYCLE1807	5068234	022448	327.542869119742	-34.4941662709515	72765009	91557.4706561702	6516.46
104620	AS	CYCLE1807_DC	5068234	008990	326.355427072157	-33.146791928856	72759990	99553.5084366859	11533.4
104620	AS	CYCLE1807	5068234	008990	326.355427072157	-33.146791928856	NULL	NULL	NULL
104640	AS	TEST21	5068182	046420	91.0122570300416	-32.1785887083446	NULL	NULL	NULL
104640	AS	TEST23	5068182	046420	91.0122570300416	-32.1785887083446	NULL	NULL	NULL
104640	AS	CYCLE1807	5068182	046420	91.0122570300416	-32.1785887083446	NULL	NULL	NULL
104640	AS	CYCLE1807_DC	5068182	046420	91.0122570300416	-32.1785887083446	82095225	162150.073639242	8704.75
104667	AS	CYCLE1807_DC	5068185	031836	93.7391144335208	-25.227250765476	54373662	1330894.09894095	11575.7
104667	AS	CYCLE1807	5068185	031836	93.7391144335208	-25.227250765476	NULL	NULL	NULL
104752	AS	CYCLE1802	5068203	043595	213.203876828706	-31.4194131820977	94813920	78846.6116032755	27670.6
104752	AS	CYCLE1802_DC	5068203	043595	213.203876828706	-31.4194131820977	95222247	434650.942068591	30027.1
104752	AS	CYCLE1807_DC	5068203	043595	213.203876828706	-31.4194131820977	95308688	846911.858903582	6526.84
104752	AS	CYCLE1807	5068203	043595	213.203876828706	-31.4194131820977	94883248	78903.0651833896	28431.9
104770	AS	CYCLE1807	5226627	005050	169.546468786144	-29.8538860130066	124381715	57489.6671888207	6624.4
104770	AS	CYCLE1807_DC	5226627	005050	169.546468786144	-29.8538860130066	124421840	321516.222163187	11583.9
104776	AS	CYCLE1807	5226626	048357	168.451152330084	-34.8377042956356	124457251	153184.292934573	44911.5
104776	AS	CYCLE1807_DC	5226626	048357	168.451152330084	-34.8377042956356	124499429	153304.681850597	4521.75
104876	AS	CYCLE1807_DC	5068202	011591	215.02555658224	-24.4867370235889	63574932	60612.8873948523	6667.09
104876	AS	CYCLE1807	5068202	011591	215.02555658224	-24.4867370235889	NULL	NULL	NULL
104909	AS	CYCLE1807	5226635	037245	183.974123256772	-39.6497672263009	124411834	57502.3875174662	9701.68
104909	AS	CYCLE1807_DC	5226635	037245	183.974123256772	-39.6497672263009	124649789	536163.131455127	14318.7
104915	AS	CYCLE1802	5068196	016873	183.243634525039	-35.8703845019119	NULL	NULL	NULL
104915	AS	CYCLE1802_DC	5068196	016873	183.243634525039	-35.8703845019119	60896414	758135.892981929	7181.93
104915	AS	CYCLE1807_DC	5068196	016873	183.243634525039	-35.8703845019119	60353767	107361.04516701	7859.86
104915	AS	CYCLE1807	5068196	016873	183.243634525039	-35.8703845019119	60309820	92676.9291657238	19953.3
104919	AS	CYCLE1802	5068201	003956	210.862078169876	-32.4447338595433	NULL	NULL	NULL
104919	AS	CYCLE1802_DC	5068201	003956	210.862078169876	-32.4447338595433	NULL	NULL	NULL
104919	AS	CYCLE1807_DC	5068201	003956	210.862078169876	-32.4447338595433	94907288	478122.541066775	11864.4
104919	AS	CYCLE1807	5068201	003956	210.862078169876	-32.4447338595433	NULL	NULL	NULL
104944	AS	CYCLE1807_DC	5226638	055102	214.410211179535	-34.3242311644016	98104184	494081.163569921	13043.8
104944	AS	CYCLE1807	5226638	055102	214.410211179535	-34.3242311644016	NULL	NULL	NULL
105053	AS	CYCLE1807_DC	5068199	004911	206.2961103701	-32.5461246026776	72533663	277264.588697578	11539.9
105053	AS	CYCLE1807	5068199	004911	206.2961103701	-32.5461246026776	NULL	NULL	NULL
105094	AS	CYCLE1807_DC	5226636	029958	187.690128655852	-39.0731558263793	125121821	281893.482957961	9838.98
105094	AS	CYCLE1807	5226636	029958	187.690128655852	-39.0731558263793	124892578	57521.004423894	6628.59
105160	AS	CYCLE1802	5068207	014194	216.688748626273	-30.2378314368205	94974006	260407.098918448	9608.85
105160	AS	CYCLE1802_DC	5068207	014194	216.688748626273	-30.2378314368205	95628453	887064.274409996	15835.3
105160	AS	CYCLE1807_DC	5068207	014194	216.688748626273	-30.2378314368205	94917302	130732.299439475	11963.5
105160	AS	CYCLE1807	5068207	014194	216.688748626273	-30.2378314368205	94974135	260407.223649162	9608.85
105276	AS	CYCLE1807_DC	5068216	022098	307.857662875118	-19.143071932085	72710602	101586.54808339	11741.9
105276	AS	CYCLE1807	5068216	022098	307.857662875118	-19.143071932085	NULL	NULL	NULL
105387	AS	CYCLE1807_DC	5068209	020087	220.207047369639	4.39095402069054	64311198	158220.986282672	6489.47
105387	AS	CYCLE1807	5068209	020087	220.207047369639	4.39095402069054	64259240	57471.5456279183	8851.17
105435	AS	CYCLE1807_DC	5068222	023543	315.089139319248	-2.72555539866868	72891941	238781.809224219	13133.8
105435	AS	CYCLE1807	5068222	023543	315.089139319248	-2.72555539866868	NULL	NULL	NULL
105452	AS	CYCLE1807	5226631	009625	176.249971607431	-35.6405793721923	124403921	650479.106541991	23097.1
105452	AS	CYCLE1807_DC	5226631	009625	176.249971607431	-35.6405793721923	124404151	650469.394553546	23097.1
105495	AS	CYCLE1807	5226613	047542	304.184906233862	-40.1465439601089	133351225	57394.8505173054	11719.2
105495	AS	CYCLE1807_DC	5226613	047542	304.184906233862	-40.1465439601089	133595532	410808.885323229	10791.4
105640	AS	CYCLE1807_DC	5226638	080001	215.381709966321	-35.1588358847475	97816420	271902.817933504	14304
105640	AS	CYCLE1807	5226638	080001	215.381709966321	-35.1588358847475	97658689	104195.576108263	36834.3
105701	AS	CYCLE1807	5226615	046223	308.761488147608	-37.4329029726737	133061346	166822.916886922	9767.54
105701	AS	CYCLE1807_DC	5226615	046223	308.761488147608	-37.4329029726737	133061422	166826.756002853	9767.54
105717	AS	CYCLE1807	5226632	035508	179.676527249865	-34.2416234414848	124470910	129243.699762895	6516.01
105717	AS	CYCLE1807_DC	5226632	035508	179.676527249865	-34.2416234414848	124423001	211364.691919653	6557.67
